n = [10 100 1000]

u = [1, .01]

calc_var_log